101
1
-1 52 73 48 46 94 70 59 59 88 34 49 25 78 52 84 39 60 26 48 76 32 26 83 79 24 67 62 79 41 50 53 41 52 57 64 50 75 66 50 12 67 55 52 74 67 51 46 74 65 51 55 61 63 41 83 55 89 66 19 56 36 91 72 68 65 41 40 50 62 45 45 77 39 82 59 43 77 71 45 62 38 75 70 65 80 67 71 53 71 44 65 54 54 41 61 31 55 60 74 69
52 -1 93 26 43 93 75 46 83 48 57 46 62 25 72 50 32 58 65 59 41 43 65 53 44 91 52 46 68 71 65 33 80 22 52 22 70 22 24 57 60 24 88 52 76 54 82 79 53 26 40 38 36 44 17 26 46 71 64 36 61 63 43 64 80 19 58 50 59 54 35 68 72 73 71 51 44 56 73 33 85 47 43 53 68 31 68 62 48 93 68 60 90 50 78 53 71 44 36 44 36
73 93 -1 34 14 81 68 54 52 12 37 51 95 53 47 62 58 48 84 79 58 65 38 81 54 88 54 49 83 63 55 92 41 31 65 67 25 69 76 46 61 64 68 59 67 52 51 51 33 62 62 70 37 40 52 50 42 60 50 16 11 37 43 88 57 56 44 38 73 72 37 47 59 81 51 27 54 55 28 61 83 88 38 42 67 50 62 65 67 63 34 56 71 37 60 60 47 33 51 44 84
48 26 34 -1 65 56 29 67 41 72 80 56 39 38 26 52 64 47 47 40 41 44 14 60 77 77 29 40 34 53 20 48 48 51 79 77 65 52 39 93 33 77 41 25 38 47 69 74 33 33 40 78 54 68 67 31 95 37 58 35 45 37 38 38 52 64 61 34 36 62 31 75 47 56 49 82 52 45 57 59 87 32 83 37 90 48 71 61 41 73 82 53 57 45 76 88 72 68 45 89 30
46 43 14 65 -1 24 73 41 48 67 50 40 60 18 63 63 18 49 54 73 49 61 96 66 34 35 59 33 82 19 60 60 58 23 42 72 55 48 58 33 46 47 41 41 77 59 76 61 55 75 60 77 55 91 31 95 56 69 74 54 40 62 55 53 67 50 31 58 54 17 48 35 43 52 69 18 60 76 53 51 59 49 67 36 42 54 69 17 59 60 34 64 83 48 40 28 33 20 42 50 69
94 93 81 56 24 -1 81 39 37 74 82 58 51 47 57 40 66 21 70 29 45 67 36 81 52 21 62 50 22 71 21 28 97 34 19 60 77 58 66 18 59 30 67 19 43 32 79 30 82 44 67 61 87 55 76 42 31 73 86 54 31 40 75 40 66 38 81 61 23 23 34 73 71 37 66 28 71 78 54 26 43 20 37 35 24 40 50 83 51 57 50 69 85 47 85 56 38 87 72 75 43
70 75 68 29 73 81 -1 70 84 30 37 43 47 21 42 20 83 79 59 54 34 58 73 52 25 62 64 55 36 63 38 62 43 58 60 44 31 85 90 48 36 38 35 55 48 44 53 30 32 39 43 79 23 17 68 75 90 60 90 40 82 49 48 64 21 39 98 50 69 69 35 36 37 52 44 84 33 58 60 51 91 39 27 61 65 29 64 56 41 52 71 49 81 61 44 36 80 56 35 46 91
59 46 54 67 41 39 70 -1 51 37 39 59 37 76 67 14 16 49 62 49 65 52 67 63 57 63 59 73 45 40 49 71 35 49 57 42 65 64 68 36 49 64 17 75 42 77 65 15 43 27 62 46 58 79 17 50 84 71 64 67 61 59 80 36 92 46 68 67 41 80 83 61 38 60 43 61 44 20 41 61 72 34 54 76 72 36 49 39 58 67 61 61 58 48 73 85 32 42 47 27 76
59 83 52 41 48 37 84 51 -1 24 47 60 33 75 56 22 63 45 42 48 90 75 45 67 56 66 53 31 56 28 49 67 57 58 58 67 60 59 70 39 27 75 90 33 81 56 43 54 53 58 92 68 42 33 20 47 55 17 11 64 24 70 46 49 87 64 52 50 51 48 60 80 51 23 27 27 52 57 44 51 60 51 65 40 36 54 70 44 53 30 64 55 62 68 53 68 86 62 56 59 29
88 48 12 72 67 74 30 37 24 -1 44 74 31 26 41 44 84 76 14 66 56 44 60 78 44 57 65 44 43 71 73 37 20 66 64 58 33 78 41 23 66 26 81 21 75 51 58 33 56 35 56 28 39 34 23 50 25 55 52 55 47 43 67 68 48 70 45 22 87 17 34 49 40 58 68 80 82 53 65 67 47 41 53 44 36 50 53 54 65 84 69 24 27 66 53 51 67 34 31 57 55
34 57 37 80 50 82 37 39 47 44 -1 43 67 50 64 67 23 44 55 44 71 52 72 56 36 46 42 66 25 38 53 47 85 53 46 54 54 55 68 49 45 43 40 43 82 68 44 45 25 81 34 44 66 33 60 80 66 26 45 19 20 46 42 79 91 70 19 52 59 51 32 46 38 73 35 15 89 36 42 71 38 70 90 39 16 62 26 73 90 57 70 64 60 81 53 62 72 66 26 67 26
49 46 51 56 40 58 43 59 60 74 43 -1 81 46 50 64 59 81 71 49 53 71 57 38 33 56 63 75 29 41 43 46 32 80 57 51 12 55 52 66 36 67 78 71 36 52 51 55 62 73 93 51 67 56 62 28 56 42 95 78 89 53 65 34 46 91 67 51 63 57 45 28 60 71 43 90 77 47 54 36 59 46 26 47 55 34 23 19 52 73 85 57 63 80 47 44 49 31 37 20 61
25 62 95 39 60 51 47 37 33 31 67 81 -1 66 72 82 58 44 82 54 29 60 56 70 56 35 33 45 71 48 69 83 41 51 55 67 51 89 57 58 21 58 62 41 54 33 76 85 37 26 35 48 31 46 25 45 74 45 56 38 54 71 39 56 48 91 59 53 75 29 49 65 92 83 55 29 54 47 37 72 46 12 56 59 65 73 49 88 60 44 67 65 48 40 40 32 57 38 58 64 94
78 25 53 38 18 47 21 76 75 26 50 46 66 -1 49 56 49 36 38 79 35 61 50 33 49 48 46 51 33 45 58 53 65 66 26 29 73 59 30 44 52 85 56 56 47 55 57 56 86 39 59 36 56 66 67 58 38 61 46 39 66 42 39 28 58 73 55 61 18 86 43 74 67 50 71 53 86 85 18 53 90 97 73 65 60 24 57 59 45 33 43 50 25 71 42 22 37 53 29 64 41
52 72 47 26 63 57 42 67 56 41 64 50 72 49 -1 22 46 28 24 67 41 24 37 52 55 69 46 69 57 59 25 94 41 31 84 29 60 47 44 40 42 29 67 31 54 55 26 46 75 48 78 40 71 38 59 37 62 54 78 13 42 72 29 48 23 37 62 44 58 35 40 44 74 79 70 53 54 45 91 46 40 67 40 79 65 88 70 70 79 72 58 33 72 59 26 82 68 23 81 50 32
84 50 62 52 63 40 20 14 22 44 67 64 82 56 22 -1 71 66 63 68 55 32 87 18 43 21 65 54 53 52 38 47 70 57 14 55 25 51 58 20 62 71 31 14 33 58 84 88 65 89 41 55 83 28 77 51 60 58 91 60 72 81 62 69 56 47 68 78 72 58 65 76 27 13 77 32 73 64 56 67 73 44 18 68 97 49 54 84 33 49 74 43 14 58 70 34 47 45 22 54 76
39 32 58 64 18 66 83 16 63 84 23 59 58 49 46 71 -1 40 55 73 64 58 91 83 42 65 63 62 61 70 38 77 61 51 46 55 58 58 83 24 74 76 61 40 41 56 48 49 37 40 92 50 37 54 29 33 53 43 72 71 83 57 42 59 65 36 70 55 35 52 67 49 52 49 28 44 56 70 62 81 43 47 60 61 36 42 92 42 80 50 49 52 68 23 30 62 48 47 30 82 52
60 58 48 47 49 21 79 49 45 76 44 81 44 36 28 66 40 -1 47 56 17 58 52 65 46 46 25 21 66 21 56 72 64 31 63 28 34 37 64 73 83 11 63 64 33 73 52 79 67 35 25 81 90 68 60 52 35 65 40 33 56 44 92 43 56 47 58 64 39 39 66 92 49 96 24 55 49 30 49 36 34 60 63 57 83 34 30 53 70 67 55 52 42 66 89 76 56 18 20 19 82
26 65 84 47 54 70 59 62 42 14 55 71 82 38 24 63 55 47 -1 53 65 20 62 56 46 94 34 25 23 55 55 46 38 35 42 40 40 38 68 71 74 58 65 28 70 51 54 33 25 72 53 44 43 51 77 42 81 47 78 30 83 78 40 36 42 15 58 62 65 37 40 50 57 57 51 43 33 55 63 63 49 16 17 34 73 52 46 52 47 56 47 67 60 88 14 28 62 59 43 45 65
48 59 79 40 73 29 54 49 48 66 44 49 54 79 67 68 73 56 53 -1 38 22 62 40 80 49 26 70 53 19 29 46 62 86 15 71 80 69 30 47 50 78 39 70 45 62 53 73 55 47 21 64 27 64 67 57 31 24 54 53 47 77 82 70 76 87 24 53 79 61 37 85 52 43 66 71 70 72 58 49 64 59 65 52 56 39 74 69 18 63 18 25 36 30 82 51 58 65 50 74 58
76 41 58 41 49 45 34 65 90 56 71 53 29 35 41 55 64 17 65 38 -1 72 58 63 72 58 44 53 70 53 54 55 21 66 73 57 63 52 27 59 56 74 56 34 53 53 49 77 56 86 73 59 54 81 62 46 32 35 26 82 88 61 77 49 55 55 26 84 78 56 47 67 25 34 52 35 47 77 43 85 33 23 38 16 53 59 39 65 34 48 57 65 92 76 39 31 56 28 74 46 46
32 43 65 44 61 67 58 52 75 44 52 71 60 61 24 32 58 58 20 22 72 -1 36 29 37 73 40 89 72 87 48 62 38 47 33 62 81 38 44 69 42 75 58 78 80 13 60 12 60 33 68 21 46 23 89 14 39 42 26 36 75 37 72 24 93 64 49 66 54 74 27 35 81 54 81 95 23 58 64 89 58 66 44 45 33 50 56 29 39 37 54 29 89 62 43 16 73 81 79 67 56
26 65 38 14 96 36 73 67 45 60 72 57 56 50 37 87 91 52 62 62 58 36 -1 86 26 73 37 66 59 54 82 46 44 23 72 35 62 33 24 87 36 66 68 63 21 69 56 54 97 49 22 88 48 83 33 58 48 70 61 38 79 83 35 43 44 72 55 32 68 52 34 60 37 36 42 89 54 53 26 21 35 85 50 67 57 70 78 49 82 53 67 34 53 72 62 43 29 61 68 88 49
83 53 81 60 66 81 52 63 67 78 56 38 70 33 52 18 83 65 56 40 63 29 86 -1 69 26 89 63 72 42 74 79 51 72 59 64 54 54 35 86 43 54 78 65 54 74 32 49 69 41 74 54 40 39 76 78 78 68 44 43 24 42 23 48 45 81 50 84 88 70 56 16 63 43 35 58 27 36 84 78 31 37 45 43 77 22 52 29 21 59 46 19 79 27 25 46 29 58 89 71 81
79 44 54 77 34 52 25 57 56 44 36 33 56 49 55 43 42 46 46 80 72 37 26 69 -1 47 52 49 46 52 73 24 71 43 26 53 62 50 41 84 32 83 58 94 69 88 35 54 64 85 55 18 64 28 54 50 52 57 58 63 93 46 37 52 66 63 64 25 78 39 34 38 21 54 79 65 49 38 68 50 34 48 59 45 32 80 91 69 62 88 27 44 96 74 63 52 67 29 50 55 96
24 91 88 77 35 21 62 63 66 57 46 56 35 48 69 21 65 46 94 49 58 73 73 26 47 -1 43 18 72 84 15 55 68 58 58 41 82 44 72 86 76 62 98 52 37 43 63 29 21 35 65 61 34 33 55 28 29 24 46 42 27 48 63 41 79 78 87 21 61 64 56 54 33 59 60 62 28 54 57 51 45 26 23 35 57 67 48 61 69 61 53 86 44 38 36 54 47 25 84 81 41
67 52 54 29 59 62 64 59 53 65 42 63 33 46 46 65 63 25 34 26 44 40 37 89 52 43 -1 86 53 47 82 31 20 60 41 60 58 29 49 49 76 94 69 50 57 74 77 51 67 63 50 60 60 89 58 90 79 17 37 31 23 43 52 43 91 52 55 51 40 77 19 55 68 76 62 42 86 27 61 20 98 71 76 49 34 48 30 44 54 22 65 77 74 37 77 83 57 26 30 55 45
62 46 49 40 33 50 55 73 31 44 66 75 45 51 69 54 62 21 25 70 53 89 66 63 49 18 86 -1 49 40 26 74 30 64 86 56 47 45 58 31 75 55 58 48 69 83 56 58 78 52 30 75 79 17 51 62 36 35 38 71 44 36 54 44 80 44 33 76 45 92 35 93 58 61 34 52 47 37 49 28 56 66 36 50 97 48 61 55 50 50 63 93 82 78 55 86 53 67 44 66 54
79 68 83 34 82 22 36 45 56 43 25 29 71 33 57 53 61 66 23 53 70 72 59 72 46 72 53 49 -1 33 49 78 52 56 56 29 58 48 52 58 49 83 67 31 46 82 64 26 76 49 68 52 93 20 21 23 53 84 86 31 55 33 75 62 74 29 31 79 60 49 74 58 73 69 52 17 56 21 58 85 60 44 68 82 75 51 33 51 74 42 54 73 72 50 38 83 37 38 37 33 60
41 71 63 53 19 71 63 40 28 71 38 41 48 45 59 52 70 21 55 19 53 87 54 42 52 84 47 40 33 -1 29 43 60 48 39 12 56 57 45 48 55 26 33 50 49 29 51 18 45 72 53 56 21 45 45 54 71 34 76 63 27 83 57 28 34 39 31 45 32 50 43 76 54 69 27 65 37 54 54 85 92 54 60 63 76 42 52 66 73 52 93 52 58 53 41 71 55 89 42 78 47
50 65 55 20 60 21 38 49 49 73 53 43 69 58 25 38 38 56 55 29 54 48 82 74 73 15 82 26 49 29 -1 44 55 54 38 62 35 57 22 46 48 63 81 63 46 40 67 36 30 20 59 61 70 59 27 71 80 32 43 71 53 58 80 50 64 81 69 45 50 31 46 32 77 39 58 77 79 64 26 65 46 32 59 52 31 52 58 63 19 86 49 68 71 35 59 52 47 88 36 84 53
53 33 92 48 60 28 62 71 67 37 47 46 83 53 94 47 77 72 46 46 55 62 46 79 24 55 31 74 78 43 44 -1 88 60 37 83 76 53 54 46 43 52 25 48 20 63 75 65 51 51 36 42 38 83 51 42 25 52 73 49 58 70 96 70 59 49 88 63 50 34 58 65 62 31 42 46 53 72 30 53 66 42 70 53 59 66 69 63 43 49 18 80 62 53 43 34 70 48 74 52 93
41 80 41 48 58 97 43 35 57 20 85 32 41 65 41 70 61 64 38 62 21 38 44 51 71 68 20 30 52 60 55 88 -1 29 57 26 75 82 85 34 52 41 81 33 66 65 75 59 58 80 58 47 86 48 29 56 19 62 64 90 60 61 72 65 48 79 56 62 86 76 48 83 36 50 60 77 56 60 23 11 87 74 41 42 53 23 57 38 15 71 37 54 64 55 53 68 66 78 79 59 45
52 22 31 51 23 34 58 49 58 66 53 80 51 66 31 57 51 31 35 86 66 47 23 72 43 58 60 64 56 48 54 60 29 -1 22 61 71 61 47 63 53 60 53 32 52 47 50 45 68 19 44 49 65 46 24 32 66 46 51 59 44 36 47 51 27 94 72 84 66 63 32 37 28 72 50 43 46 17 46 18 63 50 28 56 65 59 33 62 30 75 59 63 57 47 49 31 76 75 67 68 28
57 52 65 79 42 19 60 57 58 64 46 57 55 26 84 14 46 63 42 15 73 33 72 59 26 58 41 86 56 39 38 37 57 22 -1 32 61 58 71 57 48 36 25 71 67 54 51 56 26 63 36 27 49 50 38 65 66 90 40 55 57 26 59 24 60 76 74 35 44 81 56 56 77 43 36 49 35 85 63 54 74 71 48 52 70 55 45 78 68 53 41 48 30 70 24 87 68 73 57 52 52
64 22 67 77 72 60 44 42 67 58 54 51 67 29 29 55 55 28 40 71 57 62 35 64 53 41 60 56 29 12 62 83 26 61 32 -1 44 25 40 70 62 65 42 44 60 51 25 29 82 61 67 42 32 46 66 25 86 36 43 34 27 83 54 73 59 31 63 51 70 54 85 39 57 63 71 38 47 49 43 45 25 67 38 64 26 71 61 77 46 60 50 77 42 22 55 41 66 38 67 62 49
50 70 25 65 55 77 31 65 60 33 54 12 51 73 60 25 58 34 40 80 63 81 62 54 62 82 58 47 58 56 35 76 75 71 61 44 -1 38 79 52 68 62 43 35 69 53 43 32 49 55 79 92 61 70 24 82 42 61 53 80 72 68 50 58 69 86 38 54 67 87 79 19 38 38 80 33 45 49 47 52 41 58 57 30 63 42 90 64 95 54 51 48 38 38 47 62 66 43 82 83 56
75 22 69 52 48 58 85 64 59 78 55 55 89 59 47 51 58 37 38 69 52 38 33 54 50 44 29 45 48 57 57 53 82 61 58 25 38 -1 66 68 81 61 50 52 32 23 87 55 56 32 57 64 43 48 22 76 29 52 32 61 53 84 44 55 41 29 43 84 39 60 24 79 64 72 42 35 29 34 36 65 32 60 57 17 69 30 50 86 36 84 34 47 65 54 72 29 67 70 61 53 66
66 24 76 39 58 66 90 68 70 41 68 52 57 30 44 58 83 64 68 30 27 44 24 35 41 72 49 58 52 45 22 54 85 47 71 40 79 66 -1 74 70 50 73 77 65 60 43 59 55 31 60 42 26 58 55 64 44 63 64 43 39 29 51 24 44 62 57 69 71 89 81 76 75 89 64 35 44 53 19 74 55 50 90 66 68 58 29 75 60 36 62 59 72 48 68 62 49 62 26 90 26
50 57 46 93 33 18 48 36 39 23 49 66 58 44 40 20 24 73 71 47 59 69 87 86 84 86 49 31 58 48 46 46 34 63 57 70 52 68 74 -1 38 27 67 62 26 65 17 44 43 40 29 21 26 80 81 85 74 30 44 76 79 56 50 44 54 42 89 52 85 10 72 46 46 95 15 63 66 73 51 73 46 61 38 86 86 44 43 68 37 68 46 27 44 82 67 82 32 58 29 46 82
12 60 61 33 46 59 36 49 27 66 45 36 21 52 42 62 74 83 74 50 56 42 36 43 32 76 76 75 49 55 48 43 52 53 48 62 68 81 70 38 -1 29 70 71 70 54 25 50 77 45 82 75 38 40 66 47 35 87 72 73 31 60 65 24 46 52 42 35 33 24 29 57 50 44 66 58 62 32 57 68 54 77 39 24 89 29 47 61 37 67 39 78 39 43 60 41 60 72 32 59 75
67 24 64 77 47 30 38 64 75 26 43 67 58 85 29 71 76 11 58 78 74 75 66 54 83 62 94 55 83 26 63 52 41 60 36 65 62 61 50 27 29 -1 31 64 70 52 79 42 43 72 66 44 88 29 91 46 31 59 78 63 48 67 52 86 62 46 66 53 54 25 21 70 73 50 58 59 69 44 61 47 75 83 65 47 56 55 12 36 41 23 17 24 63 44 63 79 55 33 50 73 49
55 88 68 41 41 67 35 17 90 81 40 78 62 56 67 31 61 63 65 39 56 58 68 78 58 98 69 58 67 33 81 25 81 53 25 42 43 50 73 67 70 31 -1 59 73 69 19 51 78 28 54 53 63 61 31 65 66 53 78 54 49 30 41 44 62 19 89 53 64 60 32 49 77 39 68 58 31 63 66 82 80 67 46 34 80 48 58 64 98 58 71 49 54 36 55 57 44 61 61 37 57
52 52 59 25 41 19 55 75 33 21 43 71 41 56 31 14 40 64 28 70 34 78 63 65 94 52 50 48 31 50 63 48 33 32 71 44 35 52 77 62 71 64 59 -1 84 70 38 66 42 70 48 64 58 60 71 78 26 64 27 73 55 35 65 35 21 67 59 52 56 38 51 91 80 55 68 76 73 26 80 61 40 45 73 41 25 68 48 77 90 19 67 81 55 45 58 52 75 29 46 23 51
74 76 67 38 77 43 48 42 81 75 82 36 54 47 54 33 41 33 70 45 53 80 21 54 69 37 57 69 46 49 46 20 66 52 67 60 69 32 65 26 70 70 73 84 -1 69 75 42 66 43 56 52 81 58 82 69 45 24 48 53 55 23 68 37 44 91 75 60 77 94 79 42 66 80 58 40 72 53 29 37 52 57 40 52 92 71 26 34 48 65 24 52 31 51 77 20 42 65 76 52 27
67 54 52 47 59 32 44 77 56 51 68 52 33 55 55 58 56 73 51 62 53 13 69 74 88 43 74 83 82 29 40 63 65 47 54 51 53 23 60 65 54 52 69 70 69 -1 19 38 43 29 86 55 67 25 22 35 78 62 65 69 50 86 58 64 47 89 76 62 70 40 45 46 70 50 38 50 55 38 43 74 59 62 64 64 37 32 52 52 38 30 73 39 42 47 57 49 76 54 57 24 74
51 82 51 69 76 79 53 65 43 58 44 51 76 57 26 84 48 52 54 53 49 60 56 32 35 63 77 56 64 51 67 75 75 50 51 25 43 87 43 17 25 79 19 38 75 19 -1 49 93 71 76 67 61 81 51 63 17 54 38 36 14 60 81 31 66 38 72 17 60 31 52 72 87 76 52 52 53 74 65 35 81 61 42 56 37 74 43 51 59 44 37 33 43 25 38 72 56 79 80 16 21
46 79 51 74 61 30 30 15 54 33 45 55 85 56 46 88 49 79 33 73 77 12 54 49 54 29 51 58 26 18 36 65 59 45 56 29 32 55 59 44 50 42 51 66 42 38 49 -1 32 90 68 55 55 89 32 71 62 82 37 56 51 33 73 35 77 90 73 50 86 50 77 20 71 37 69 48 57 58 59 54 54 84 59 44 22 45 64 67 23 32 47 26 72 41 56 33 63 59 57 53 55
74 53 33 33 55 82 32 43 53 56 25 62 37 86 75 65 37 67 25 55 56 60 97 69 64 21 67 78 76 45 30 51 58 68 26 82 49 56 55 43 77 43 78 42 66 43 93 32 -1 30 43 35 30 66 56 30 60 70 50 77 63 36 46 61 69 87 39 52 62 58 18 43 48 83 46 68 74 66 48 46 42 29 84 40 40 66 40 33 50 79 71 56 54 62 90 31 90 73 25 62 43
65 26 62 33 75 44 39 27 58 35 81 73 26 39 48 89 40 35 72 47 86 33 49 41 85 35 63 52 49 72 20 51 80 19 63 61 55 32 31 40 45 72 28 70 43 29 71 90 30 -1 59 20 58 64 75 52 39 73 42 75 80 71 81 26 53 68 80 49 47 57 51 60 87 76 60 76 68 52 39 56 54 55 67 35 94 41 35 30 25 85 63 88 59 50 49 77 62 38 34 65 74
51 40 62 40 60 67 43 62 92 56 34 93 35 59 78 41 92 25 53 21 73 68 22 74 55 65 50 30 68 53 59 36 58 44 36 67 79 57 60 29 82 66 54 48 56 86 76 68 43 59 -1 79 93 41 58 59 57 36 17 19 50 36 45 20 85 60 49 40 18 29 76 51 47 64 73 25 38 71 57 46 68 74 26 30 57 94 54 58 27 84 45 68 52 90 28 53 64 42 47 68 42
55 38 70 78 77 61 79 46 68 28 44 51 48 36 40 55 50 81 44 64 59 21 88 54 18 61 60 75 52 56 61 42 47 49 27 42 92 64 42 21 75 44 53 64 52 55 67 55 35 20 79 -1 42 86 81 57 63 40 18 29 55 44 64 34 40 60 71 93 61 41 33 59 32 77 65 61 63 61 56 67 40 58 12 68 80 42 69 78 85 86 65 62 26 43 40 48 48 69 59 58 89
61 36 37 54 55 87 23 58 42 39 66 67 31 56 71 83 37 90 43 27 54 46 48 40 64 34 60 79 93 21 70 38 86 65 49 32 61 43 26 26 38 88 63 58 81 67 61 55 30 58 93 42 -1 36 73 48 81 50 82 83 47 58 74 22 55 50 65 32 68 49 81 56 75 80 55 71 39 37 73 79 50 73 51 48 69 57 50 48 40 55 32 81 75 80 64 50 49 59 51 59 65
63 44 40 68 91 55 17 79 33 34 33 56 46 66 38 28 54 68 51 64 81 23 83 39 28 33 89 17 20 45 59 83 48 46 50 46 70 48 58 80 40 29 61 60 58 25 81 89 66 64 41 86 36 -1 74 47 86 29 40 85 55 55 59 32 19 41 80 43 24 55 17 59 68 38 84 52 27 31 30 52 39 64 40 72 25 57 69 42 40 31 56 63 43 42 70 67 79 57 70 88 61
41 17 52 67 31 76 68 17 20 23 60 62 25 67 59 77 29 60 77 67 62 89 33 76 54 55 58 51 21 45 27 51 29 24 38 66 24 22 55 81 66 91 31 71 82 22 51 32 56 75 58 81 73 74 -1 51 75 53 69 40 71 60 64 51 85 32 40 71 84 72 20 27 81 34 84 68 50 74 68 92 26 28 29 44 91 52 82 67 65 92 68 56 76 19 65 25 56 53 49 92 50
83 26 50 31 95 42 75 50 47 50 80 28 45 58 37 51 33 52 42 57 46 14 58 78 50 28 90 62 23 54 71 42 56 32 65 25 82 76 64 85 47 46 65 78 69 35 63 71 30 52 59 57 48 47 51 -1 50 61 42 69 37 64 42 78 38 49 39 51 45 56 24 50 69 48 70 51 60 46 50 51 76 25 38 61 93 58 18 57 74 65 70 51 28 56 52 49 45 86 62 45 40
55 46 42 95 56 31 90 84 55 25 66 56 74 38 62 60 53 35 81 31 32 39 48 78 52 29 79 36 53 71 80 25 19 66 66 86 42 29 44 74 35 31 66 26 45 78 17 62 60 39 57 63 81 86 75 50 -1 43 47 16 52 52 66 33 64 70 70 77 24 79 49 47 79 52 53 12 40 49 34 58 44 36 32 57 53 66 42 50 56 75 39 56 27 54 82 32 63 63 57 53 54
89 71 60 37 69 73 60 71 17 55 26 42 45 61 54 58 43 65 47 24 35 42 70 68 57 24 17 35 84 34 32 52 62 46 90 36 61 52 63 30 87 59 53 64 24 62 54 82 70 73 36 40 50 29 53 61 43 -1 60 67 84 74 45 81 87 73 50 47 70 96 21 66 66 42 65 23 69 30 65 41 68 40 48 67 59 58 71 44 57 66 41 68 54 49 69 25 94 57 56 83 54
66 64 50 58 74 86 90 64 11 52 45 95 56 46 78 91 72 40 78 54 26 26 61 44 58 46 37 38 86 76 43 73 64 51 40 43 53 32 64 44 72 78 78 27 48 65 38 37 50 42 17 18 82 40 69 42 47 60 -1 54 79 73 51 85 47 21 72 48 65 53 61 77 58 68 67 30 74 40 79 47 43 42 34 49 35 57 62 42 15 37 66 82 66 39 78 43 53 59 64 77 23
19 36 16 35 54 54 40 67 64 55 19 78 38 39 13 60 71 33 30 53 82 36 38 43 63 42 31 71 31 63 71 49 90 59 55 34 80 61 43 76 73 63 54 73 53 69 36 56 77 75 19 29 83 85 40 69 16 67 54 -1 79 51 13 40 84 28 54 45 33 69 96 43 28 53 43 47 72 47 55 60 91 53 58 35 62 68 60 54 34 51 23 43 54 61 49 68 26 54 40 36 88
56 61 11 45 40 31 82 61 24 47 20 89 54 66 42 72 83 56 83 47 88 75 79 24 93 27 23 44 55 27 53 58 60 44 57 27 72 53 39 79 31 48 49 55 55 50 14 51 63 80 50 55 47 55 71 37 52 84 79 79 -1 70 56 17 54 64 69 91 77 28 20 34 30 53 75 33 64 55 52 70 78 87 79 72 60 80 63 29 54 82 41 33 85 56 63 77 33 39 15 39 68
36 63 37 37 62 40 49 59 70 43 46 53 71 42 72 81 57 44 78 77 61 37 83 42 46 48 43 36 33 83 58 70 61 36 26 83 68 84 29 56 60 67 30 35 23 86 60 33 36 71 36 44 58 55 60 64 52 74 73 51 70 -1 49 34 61 62 60 86 30 53 30 61 23 71 35 57 65 48 29 84 72 63 71 37 49 55 67 84 64 81 50 34 69 48 41 56 35 97 82 66 49
91 43 43 38 55 75 48 80 46 67 42 65 39 39 29 62 42 92 40 82 77 72 35 23 37 63 52 54 75 57 80 96 72 47 59 54 50 44 51 50 65 52 41 65 68 58 81 73 46 81 45 64 74 59 64 42 66 45 51 13 56 49 -1 18 40 40 52 38 90 53 69 64 75 62 50 49 68 59 46 43 42 59 56 81 40 38 55 74 45 52 63 18 49 60 39 78 84 55 52 40 47
72 64 88 38 53 40 64 36 49 68 79 34 56 28 48 69 59 43 36 70 49 24 43 48 52 41 43 44 62 28 50 70 65 51 24 73 58 55 24 44 24 86 44 35 37 64 31 35 61 26 20 34 22 32 51 78 33 81 85 40 17 34 18 -1 43 55 57 86 52 36 51 36 64 54 41 41 52 70 49 58 72 83 41 76 64 56 73 55 68 52 38 63 47 64 57 51 60 88 80 61 51
68 80 57 52 67 66 21 92 87 48 91 46 48 58 23 56 65 56 42 76 55 93 44 45 66 79 91 80 74 34 64 59 48 27 60 59 69 41 44 54 46 62 62 21 44 47 66 77 69 53 85 40 55 19 85 38 64 87 47 84 54 61 40 43 -1 89 65 58 76 80 71 17 35 46 61 59 64 77 49 17 29 47 52 93 53 36 90 59 52 41 32 48 78 50 79 64 71 44 69 32 36
65 19 56 64 50 38 39 46 64 70 70 91 91 73 37 47 36 47 15 87 55 64 72 81 63 78 52 44 29 39 81 49 79 94 76 31 86 29 62 42 52 46 19 67 91 89 38 90 87 68 60 60 50 41 32 49 70 73 21 28 64 62 40 55 89 -1 58 33 55 27 77 36 50 52 59 75 75 57 67 46 61 41 31 52 35 43 61 47 45 14 64 15 18 84 27 67 57 36 60 66 55
41 58 44 61 31 81 98 68 52 45 19 67 59 55 62 68 70 58 58 24 26 49 55 50 64 87 55 33 31 31 69 88 56 72 74 63 38 43 57 89 42 66 89 59 75 76 72 73 39 80 49 71 65 80 40 39 70 50 72 54 69 60 52 57 65 58 -1 59 53 53 72 58 47 63 34 51 47 54 20 90 58 86 64 36 71 61 30 47 58 55 51 79 56 48 47 57 40 19 22 47 58
40 50 38 34 58 61 50 67 50 22 52 51 53 61 44 78 55 64 62 53 84 66 32 84 25 21 51 76 79 45 45 63 62 84 35 51 54 84 69 52 35 53 53 52 60 62 17 50 52 49 40 93 32 43 71 51 77 47 48 45 91 86 38 86 58 33 59 -1 89 65 63 26 28 60 66 59 73 18 45 66 55 83 35 32 50 83 48 48 43 43 64 55 43 30 80 70 56 57 39 60 69
50 59 73 36 54 23 69 41 51 87 59 63 75 18 58 72 35 39 65 79 78 54 68 88 78 61 40 45 60 32 50 50 86 66 44 70 67 39 71 85 33 54 64 56 77 70 60 86 62 47 18 61 68 24 84 45 24 70 65 33 77 30 90 52 76 55 53 89 -1 34 38 60 57 40 25 29 60 48 35 74 50 27 71 56 79 45 19 42 75 58 61 70 70 42 37 74 28 69 48 51 68
62 54 72 62 17 23 69 80 48 17 51 57 29 86 35 58 52 39 37 61 56 74 52 70 39 64 77 92 49 50 31 34 76 63 81 54 87 60 89 10 24 25 60 38 94 40 31 50 58 57 29 41 49 55 72 56 79 96 53 69 28 53 53 36 80 27 53 65 34 -1 34 44 82 90 30 66 70 55 17 72 55 65 44 33 42 40 66 49 55 39 91 32 64 71 32 69 70 27 21 86 55
45 35 37 31 48 34 35 83 60 34 32 45 49 43 40 65 67 66 40 37 47 27 34 56 34 56 19 35 74 43 46 58 48 32 56 85 79 24 81 72 29 21 32 51 79 45 52 77 18 51 76 33 81 17 20 24 49 21 61 96 20 30 69 51 71 77 72 63 38 34 -1 80 70 38 37 21 56 37 42 83 70 61 32 76 50 19 55 54 66 44 40 47 70 41 54 82 61 51 78 42 43
45 68 47 75 35 73 36 61 80 49 46 28 65 74 44 76 49 92 50 85 67 35 60 16 38 54 55 93 58 76 32 65 83 37 56 39 19 79 76 46 57 70 49 91 42 46 72 20 43 60 51 59 56 59 27 50 47 66 77 43 34 61 64 36 17 36 58 26 60 44 80 -1 63 33 11 78 80 51 50 82 35 92 60 67 62 25 41 38 81 64 64 56 56 48 71 80 62 53 23 19 85
77 72 59 47 43 71 37 38 51 40 38 60 92 67 74 27 52 49 57 52 25 81 37 63 21 33 68 58 73 54 77 62 36 28 77 57 38 64 75 46 50 73 77 80 66 70 87 71 48 87 47 32 75 68 81 69 79 66 58 28 30 23 75 64 35 50 47 28 57 82 70 63 -1 69 58 52 33 71 53 47 38 52 47 53 20 51 45 68 66 55 65 92 54 80 17 67 80 46 69 37 56
39 73 81 56 52 37 52 60 23 58 73 71 83 50 79 13 49 96 57 43 34 54 36 43 54 59 76 61 69 69 39 31 50 72 43 63 38 72 89 95 44 50 39 55 80 50 76 37 83 76 64 77 80 38 34 48 52 42 68 53 53 71 62 54 46 52 63 60 40 90 38 33 69 -1 62 62 32 69 85 56 17 53 55 91 70 32 49 47 79 23 50 78 57 54 26 85 37 57 18 72 58
82 71 51 49 69 66 44 43 27 68 35 43 55 71 70 77 28 24 51 66 52 81 42 35 79 60 62 34 52 27 58 42 60 50 36 71 80 42 64 15 66 58 68 68 58 38 52 69 46 60 73 65 55 84 84 70 53 65 67 43 75 35 50 41 61 59 34 66 25 30 37 11 58 62 -1 45 64 54 68 46 70 50 56 30 59 50 33 47 36 57 58 94 64 87 73 79 23 18 50 49 71
59 51 27 82 18 28 84 61 27 80 15 90 29 53 53 32 44 55 43 71 35 95 89 58 65 62 42 52 17 65 77 46 77 43 49 38 33 35 35 63 58 59 58 76 40 50 52 48 68 76 25 61 71 52 68 51 12 23 30 47 33 57 49 41 59 75 51 59 29 66 21 78 52 62 45 -1 77 72 96 47 27 48 32 25 72 44 57 46 64 71 79 28 87 68 70 38 39 71 32 79 49
43 44 54 52 60 71 33 44 52 82 89 77 54 86 54 73 56 49 33 70 47 23 54 27 49 28 86 47 56 37 79 53 56 46 35 47 45 29 44 66 62 69 31 73 72 55 53 57 74 68 38 63 39 27 50 60 40 69 74 72 64 65 68 52 64 75 47 73 60 70 56 80 33 32 64 77 -1 17 51 49 77 55 66 32 67 23 28 75 23 83 43 37 27 46 55 34 68 75 87 79 32
77 56 55 45 76 78 58 20 57 53 36 47 47 85 45 64 70 30 55 72 77 58 53 36 38 54 27 37 21 54 64 72 60 17 85 49 49 34 53 73 32 44 63 26 53 38 74 58 66 52 71 61 37 31 74 46 49 30 40 47 55 48 59 70 77 57 54 18 48 55 37 51 71 69 54 72 17 -1 52 48 16 67 48 33 31 29 37 46 28 66 65 48 82 66 29 48 29 66 59 96 78
71 73 28 57 53 54 60 41 44 65 42 54 37 18 91 56 62 49 63 58 43 64 26 84 68 57 61 49 58 54 26 30 23 46 63 43 47 36 19 51 57 61 66 80 29 43 65 59 48 39 57 56 73 30 68 50 34 65 79 55 52 29 46 49 49 67 20 45 35 17 42 50 53 85 68 96 51 52 -1 62 64 48 57 53 47 87 96 91 60 42 35 50 52 79 96 46 53 16 74 63 64
45 33 61 59 51 26 51 61 51 67 71 36 72 53 46 67 81 36 63 49 85 89 21 78 50 51 20 28 85 85 65 53 11 18 54 45 52 65 74 73 68 47 82 61 37 74 35 54 46 56 46 67 79 52 92 51 58 41 47 60 70 84 43 58 17 46 90 66 74 72 83 82 47 56 46 47 49 48 62 -1 61 52 45 47 41 18 36 44 40 48 55 12 52 45 43 55 58 35 44 88 64
62 85 83 87 59 43 91 72 60 47 38 59 46 90 40 73 43 34 49 64 33 58 35 31 34 45 98 56 60 92 46 66 87 63 74 25 41 32 55 46 54 75 80 40 52 59 81 54 42 54 68 40 50 39 26 76 44 68 43 91 78 72 42 72 29 61 58 55 50 55 70 35 38 17 70 27 77 16 64 61 -1 59 73 72 25 12 61 76 45 67 66 64 73 54 61 85 67 72 74 42 39
38 47 88 32 49 20 39 34 51 41 70 46 12 97 67 44 47 60 16 59 23 66 85 37 48 26 71 66 44 54 32 42 74 50 71 67 58 60 50 61 77 83 67 45 57 62 61 84 29 55 74 58 73 64 28 25 36 40 42 53 87 63 59 83 47 41 86 83 27 65 61 92 52 53 50 48 55 67 48 52 59 -1 51 44 55 54 60 88 75 88 90 61 48 40 39 80 93 64 75 35 72
75 43 38 83 67 37 27 54 65 53 90 26 56 73 40 18 60 63 17 65 38 44 50 45 59 23 76 36 68 60 59 70 41 28 48 38 57 57 90 38 39 65 46 73 40 64 42 59 84 67 26 12 51 40 29 38 32 48 34 58 79 71 56 41 52 31 64 35 71 44 32 60 47 55 56 32 66 48 57 45 73 51 -1 85 66 70 88 38 56 31 60 57 30 82 54 65 41 55 53 26 39
70 53 42 37 36 35 61 76 40 44 39 47 59 65 79 68 61 57 34 52 16 45 67 43 45 35 49 50 82 63 52 53 42 56 52 64 30 17 66 86 24 47 34 41 52 64 56 44 40 35 30 68 48 72 44 61 57 67 49 35 72 37 81 76 93 52 36 32 56 33 76 67 53 91 30 25 32 33 53 47 72 44 85 -1 55 47 58 48 17 40 56 83 32 61 14 47 53 48 40 58 57
65 68 67 90 42 24 65 72 36 36 16 55 65 60 65 97 36 83 73 56 53 33 57 77 32 57 34 97 75 76 31 59 53 65 70 26 63 69 68 86 89 56 80 25 92 37 37 22 40 94 57 80 69 25 91 93 53 59 35 62 60 49 40 64 53 35 71 50 79 42 50 62 20 70 59 72 67 31 47 41 25 55 66 55 -1 47 58 60 83 53 88 33 48 86 73 90 85 25 57 82 59
80 31 50 48 54 40 29 36 54 50 62 34 73 24 88 49 42 34 52 39 59 50 70 22 80 67 48 48 51 42 52 66 23 59 55 71 42 30 58 44 29 55 48 68 71 32 74 45 66 41 94 42 57 57 52 58 66 58 57 68 80 55 38 56 36 43 61 83 45 40 19 25 51 32 50 44 23 29 87 18 12 54 70 47 47 -1 66 59 39 64 27 57 47 50 78 69 21 47 20 19 43
67 68 62 71 69 50 64 49 70 53 26 23 49 57 70 54 92 30 46 74 39 56 78 52 91 48 30 61 33 52 58 69 57 33 45 61 90 50 29 43 47 12 58 48 26 52 43 64 40 35 54 69 50 69 82 18 42 71 62 60 63 67 55 73 90 61 30 48 19 66 55 41 45 49 33 57 28 37 96 36 61 60 88 58 58 66 -1 69 55 28 44 65 41 90 73 45 60 64 39 28 48
71 62 65 61 17 83 56 39 44 54 73 19 88 59 70 84 42 53 52 69 65 29 49 29 69 61 44 55 51 66 63 63 38 62 78 77 64 86 75 68 61 36 64 77 34 52 51 67 33 30 58 78 48 42 67 57 50 44 42 54 29 84 74 55 59 47 47 48 42 49 54 38 68 47 47 46 75 46 91 44 76 88 38 48 60 59 69 -1 57 67 29 56 20 57 71 41 65 33 61 67 48
53 48 67 41 59 51 41 58 53 65 90 52 60 45 79 33 80 70 47 18 34 39 82 21 62 69 54 50 74 73 19 43 15 30 68 46 95 36 60 37 37 41 98 90 48 38 59 23 50 25 27 85 40 40 65 74 56 57 15 34 54 64 45 68 52 45 58 43 75 55 66 81 66 79 36 64 23 28 60 40 45 75 56 17 83 39 55 57 -1 76 40 76 57 52 48 62 26 54 19 20 36
71 93 63 73 60 57 52 67 30 84 57 73 44 33 72 49 50 67 56 63 48 37 53 59 88 61 22 50 42 52 86 49 71 75 53 60 54 84 36 68 67 23 58 19 65 30 44 32 79 85 84 86 55 31 92 65 75 66 37 51 82 81 52 52 41 14 55 43 58 39 44 64 55 23 57 71 83 66 42 48 67 88 31 40 53 64 28 67 76 -1 70 76 13 89 42 55 66 92 67 37 61
44 68 34 82 34 50 71 61 64 69 70 85 67 43 58 74 49 55 47 18 57 54 67 46 27 53 65 63 54 93 49 18 37 59 41 50 51 34 62 46 39 17 71 67 24 73 37 47 71 63 45 65 32 56 68 70 39 41 66 23 41 50 63 38 32 64 51 64 61 91 40 64 65 50 58 79 43 65 35 55 66 90 60 56 88 27 44 29 40 70 -1 55 62 61 58 54 49 88 78 58 81
65 60 56 53 64 69 49 61 55 24 64 57 65 50 33 43 52 52 67 25 65 29 34 19 44 86 77 93 73 52 68 80 54 63 48 77 48 47 59 27 78 24 49 81 52 39 33 26 56 88 68 62 81 63 56 51 56 68 82 43 33 34 18 63 48 15 79 55 70 32 47 56 92 78 94 28 37 48 50 12 64 61 57 83 33 57 65 56 76 76 55 -1 41 47 25 44 72 85 54 54 79
54 90 71 57 83 85 81 58 62 27 60 63 48 25 72 14 68 42 60 36 92 89 53 79 96 44 74 82 72 58 71 62 64 57 30 42 38 65 72 44 39 63 54 55 31 42 43 72 54 59 52 26 75 43 76 28 27 54 66 54 85 69 49 47 78 18 56 43 70 64 70 56 54 57 64 87 27 82 52 52 73 48 30 32 48 47 41 20 57 13 62 41 -1 85 33 66 67 20 21 36 58
54 50 37 45 48 47 61 48 68 66 81 80 40 71 59 58 23 66 88 30 76 62 72 27 74 38 37 78 50 53 35 53 55 47 70 22 38 54 48 82 43 44 36 45 51 47 25 41 62 50 90 43 80 42 19 56 54 49 39 61 56 48 60 64 50 84 48 30 42 71 41 48 80 54 87 68 46 66 79 45 54 40 82 61 86 50 90 57 52 89 61 47 85 -1 30 60 63 70 34 21 63
41 78 60 76 40 85 44 73 53 53 53 47 40 42 26 70 30 89 14 82 39 43 62 25 63 36 77 55 38 41 59 43 53 49 24 55 47 72 68 67 60 63 55 58 77 57 38 56 90 49 28 40 64 70 65 52 82 69 78 49 63 41 39 57 79 27 47 80 37 32 54 71 17 26 73 70 55 29 96 43 61 39 54 14 73 78 73 71 48 42 58 25 33 30 -1 36 54 47 60 62 63
61 53 60 88 28 56 36 85 68 51 62 44 32 22 82 34 62 76 28 51 31 16 43 46 52 54 83 86 83 71 52 34 68 31 87 41 62 29 62 82 41 79 57 52 20 49 72 33 31 77 53 48 50 67 25 49 32 25 43 68 77 56 78 51 64 67 57 70 74 69 82 80 67 85 79 38 34 48 46 55 85 80 65 47 90 69 45 41 62 55 54 44 66 60 36 -1 52 44 97 68 81
31 71 47 72 33 38 80 32 86 67 72 49 57 37 68 47 48 56 62 58 56 73 29 29 67 47 57 53 37 55 47 70 66 76 68 66 66 67 49 32 60 55 44 75 42 76 56 63 90 62 64 48 49 79 56 45 63 94 53 26 33 35 84 60 71 57 40 56 28 70 61 62 80 37 23 39 68 29 53 58 67 93 41 53 85 21 60 65 26 66 49 72 67 63 54 52 -1 32 89 67 54
55 44 33 68 20 87 56 42 62 34 66 31 38 53 23 45 47 18 59 65 28 81 61 58 29 25 26 67 38 89 88 48 78 75 73 38 43 70 62 58 72 33 61 29 65 54 79 59 73 38 42 69 59 57 53 86 63 57 59 54 39 97 55 88 44 36 19 57 69 27 51 53 46 57 18 71 75 66 16 35 72 64 55 48 25 47 64 33 54 92 88 85 20 70 47 44 32 -1 23 62 56
60 36 51 45 42 72 35 47 56 31 26 37 58 29 81 22 30 20 43 50 74 79 68 89 50 84 30 44 37 42 36 74 79 67 57 67 82 61 26 29 32 50 61 46 76 57 80 57 25 34 47 59 51 70 49 62 57 56 64 40 15 82 52 80 69 60 22 39 48 21 78 23 69 18 50 32 87 59 74 44 74 75 53 40 57 20 39 61 19 67 78 54 21 34 60 97 89 23 -1 23 85
74 44 44 89 50 75 46 27 59 57 67 20 64 64 50 54 82 19 45 74 46 67 88 71 55 81 55 66 33 78 84 52 59 68 52 62 83 53 90 46 59 73 37 23 52 24 16 53 62 65 68 58 59 88 92 45 53 83 77 36 39 66 40 61 32 66 47 60 51 86 42 19 37 72 49 79 79 96 63 88 42 35 26 58 82 19 28 67 20 37 58 54 36 21 62 68 67 62 23 -1 94
69 36 84 30 69 43 91 76 29 55 26 61 94 41 32 76 52 82 65 58 46 56 49 81 96 41 45 54 60 47 53 93 45 28 52 49 56 66 26 82 75 49 57 51 27 74 21 55 43 74 42 89 65 61 50 40 54 54 23 88 68 49 47 51 36 55 58 69 68 55 43 85 56 58 71 49 32 78 64 64 39 72 39 57 59 43 48 48 36 61 81 79 58 63 63 81 54 56 85 94 -1
