101
0 19 23 80 74 36 33 68 77 31 51 21 43 93 88 60 16 61 17 93 15 66 53 65 45 69 74 92 50 31 87 65 83 81 81 29 53 75 72 56 48 60 76 58 81 48 89 43 96 46 21 13 36 31 81 70 20 63 82 88 68 96 41 12 46 90 28 16 57 46 43 10 55 57 93 34 70 85 23 36 80 39 99 79 57 20 40 82 61 91 47 12 69 47 50 11 76 22 99 53 19
19 0 19 13 10 98 51 79 94 77 66 97 70 89 80 88 79 69 36 18 18 69 95 76 83 13 37 20 73 42 20 83 58 30 13 76 55 69 17 26 30 45 82 92 71 13 12 71 29 36 12 11 34 69 97 95 65 73 42 76 35 68 42 99 11 39 50 98 62 33 85 50 85 98 43 54 59 86 53 80 60 51 11 21 80 95 77 36 62 33 31 65 34 65 49 37 56 37 53 63 57
23 19 0 19 86 57 25 26 51 89 12 23 55 24 100 78 25 30 30 55 64 53 41 62 66 95 92 42 84 19 91 10 51 78 70 77 66 82 91 62 43 67 23 13 42 17 71 96 38 27 54 75 71 39 12 64 19 89 35 15 75 21 58 40 49 24 91 48 45 48 85 87 100 22 84 86 17 77 42 38 33 12 96 20 51 39 42 66 32 88 60 14 88 55 28 77 19 52 74 31 77
80 13 19 0 19 87 26 47 60 93 27 43 22 35 70 33 74 83 54 53 28 73 65 46 44 69 45 86 14 69 69 81 24 14 16 49 14 91 33 53 84 22 88 88 51 79 24 99 47 84 69 77 85 80 34 12 39 52 18 35 41 42 83 87 44 43 51 83 36 28 74 83 70 85 34 14 95 13 60 66 14 61 30 35 61 43 87 17 71 17 30 62 12 82 23 56 99 93 55 72 10
74 10 86 19 0 19 63 61 96 97 97 34 58 12 24 77 28 42 50 19 53 18 96 56 59 32 80 87 90 91 96 71 78 78 41 14 21 76 13 20 90 69 59 63 40 54 11 71 54 81 43 57 66 66 12 20 58 88 39 20 21 87 37 52 93 99 11 29 59 85 98 11 42 80 26 55 96 18 92 55 76 93 65 23 45 41 37 13 14 91 78 76 57 72 67 83 24 57 45 84 87
36 98 57 87 19 0 19 56 80 71 27 84 15 56 11 60 31 73 84 22 85 39 36 61 28 37 28 79 36 94 55 40 13 40 55 15 59 44 62 24 82 33 57 14 14 44 85 29 68 88 53 38 37 78 57 71 71 87 71 74 96 29 38 36 87 44 51 19 77 74 16 72 40 38 43 71 28 85 93 49 57 82 43 66 54 38 59 70 22 14 33 44 65 96 59 65 27 29 50 29 88
33 51 25 26 63 19 0 19 69 23 56 51 87 69 69 89 51 30 11 29 15 86 31 58 60 60 61 32 13 35 35 10 63 86 68 76 62 82 89 69 41 36 59 24 44 55 92 20 49 14 68 92 47 78 91 91 83 48 83 50 86 75 16 66 65 86 96 61 13 44 69 32 24 90 11 35 69 33 100 32 45 51 60 52 59 10 10 82 98 87 49 100 70 86 77 49 70 77 25 64 87
68 79 26 47 61 56 19 0 19 18 38 66 26 84 70 20 60 49 55 30 54 38 67 52 41 18 14 95 14 31 99 57 13 34 86 19 85 91 17 83 84 55 62 73 51 14 60 64 51 28 74 60 41 24 86 25 49 24 23 22 85 87 89 18 87 13 88 17 48 34 93 13 53 81 43 76 15 94 41 60 30 21 32 88 31 40 27 74 92 18 55 66 98 62 83 60 32 77 67 30 80
77 94 51 60 96 80 69 19 0 19 43 29 30 33 16 97 17 10 91 28 43 30 44 87 27 73 27 50 80 84 90 84 16 70 25 62 65 53 84 26 70 51 29 40 45 76 77 26 75 100 54 80 13 88 52 35 12 34 60 52 25 15 26 49 85 30 86 32 43 90 39 74 21 24 82 75 20 99 71 85 54 20 57 71 13 69 14 91 77 100 53 68 28 94 93 72 99 39 40 16 38
31 77 89 93 97 71 23 18 19 0 19 37 91 50 68 32 19 60 42 95 57 17 55 15 25 37 36 55 46 54 60 27 84 57 94 92 19 37 41 97 30 43 31 16 26 58 52 77 18 82 59 43 95 58 89 34 10 64 44 77 79 76 62 62 93 37 89 53 14 33 70 92 13 24 79 11 89 53 27 47 65 97 44 48 39 47 53 23 30 70 53 20 47 49 78 92 80 47 81 62 35
51 66 12 27 97 27 56 38 43 19 0 19 43 14 65 40 41 27 86 65 86 58 42 93 41 61 66 31 80 90 55 10 71 14 92 57 52 11 19 22 42 26 17 15 95 89 69 49 22 30 92 16 83 92 87 89 97 71 61 10 94 63 32 29 96 54 17 49 88 69 36 47 99 45 90 71 18 60 80 15 44 14 68 86 45 91 50 29 22 75 11 91 93 54 86 92 43 52 90 79 93
21 97 23 43 34 84 51 66 29 37 19 0 19 44 13 100 43 52 81 48 18 35 30 56 66 17 81 36 11 53 39 54 13 21 95 26 13 93 68 76 23 39 93 43 89 70 46 30 61 47 52 52 54 30 72 54 21 76 24 71 69 66 84 20 96 86 94 55 74 63 52 39 54 56 61 78 10 40 93 32 27 82 93 55 39 79 71 48 84 54 41 88 28 94 79 54 64 39 80 98 13
43 70 55 22 58 15 87 26 30 91 43 19 0 19 66 27 97 37 30 57 62 18 75 49 34 54 71 100 37 32 79 73 22 13 76 18 90 68 26 73 37 86 11 40 97 97 65 90 84 36 16 20 14 12 87 65 95 94 53 39 85 41 65 78 81 97 61 31 55 47 69 29 79 45 32 13 42 37 19 68 55 11 40 59 24 72 92 20 70 40 74 87 21 27 67 82 96 89 85 35 83
93 89 24 35 12 56 69 84 33 50 14 44 19 0 19 74 95 16 79 18 97 67 53 38 73 39 79 27 76 64 17 61 42 55 24 17 76 76 74 45 91 19 40 64 99 27 36 89 88 53 86 73 52 74 34 95 36 30 35 49 21 83 47 42 45 31 37 45 18 57 10 80 61 13 73 69 57 64 44 22 34 14 81 39 35 75 29 43 38 70 80 12 60 59 32 97 26 52 52 59 48
88 80 100 70 24 11 69 70 16 68 65 13 66 19 0 19 44 95 57 10 24 77 60 39 50 39 62 55 64 44 67 66 86 44 95 43 78 28 23 83 14 67 53 93 77 20 32 36 80 96 43 47 95 88 72 23 89 86 95 22 76 81 56 19 39 70 98 45 47 67 13 89 41 35 32 73 100 48 26 31 100 65 34 17 66 16 47 43 56 82 90 73 95 23 57 37 81 29 84 17 87
60 88 78 33 77 60 89 20 97 32 40 100 27 74 19 0 19 99 42 58 68 60 92 52 96 50 78 34 71 20 99 47 77 82 18 97 92 96 15 43 73 21 84 86 80 100 49 65 79 89 98 14 19 78 41 39 96 54 50 33 66 77 66 94 100 97 70 56 48 46 17 74 79 52 29 10 58 57 64 66 44 61 21 42 33 60 81 43 51 72 11 72 84 88 28 30 80 18 36 91 87
16 79 25 74 28 31 51 60 17 19 41 43 97 95 44 19 0 19 13 27 85 31 36 37 37 26 52 65 49 86 75 11 21 73 13 80 97 41 85 70 65 43 53 76 26 97 35 59 39 13 100 83 34 99 14 78 29 28 35 27 31 47 98 85 93 78 37 24 82 46 85 25 48 96 75 96 66 95 53 11 38 49 19 95 31 39 37 85 65 93 90 20 49 67 100 39 70 73 86 99 51
61 69 30 83 42 73 30 49 10 60 27 52 37 16 95 99 19 0 19 65 16 99 20 53 91 17 56 76 85 44 14 84 99 61 59 78 76 10 79 58 78 100 65 70 93 36 18 12 17 98 40 63 14 21 88 52 92 79 42 78 89 68 99 41 55 24 27 58 24 74 12 56 58 82 86 83 12 95 48 36 42 53 64 55 13 15 17 50 40 74 66 21 34 63 55 25 36 29 20 40 43
17 36 30 54 50 84 11 55 91 42 86 81 30 79 57 42 13 19 0 19 46 60 73 51 56 97 72 80 16 97 34 16 91 100 94 47 38 89 74 29 28 99 53 22 91 48 86 46 45 97 19 97 26 37 98 53 28 23 41 87 30 17 89 50 75 68 10 100 36 13 65 28 29 20 94 70 40 59 65 41 34 56 88 99 86 49 18 72 53 100 67 21 66 69 50 13 83 76 94 77 61
93 18 55 53 19 22 29 30 28 95 65 48 57 18 10 58 27 65 19 0 19 53 16 48 73 94 19 62 24 83 30 94 50 72 62 11 39 53 48 96 97 57 61 37 13 32 98 71 54 49 28 18 25 77 36 39 83 91 64 24 91 66 80 52 31 38 75 28 80 26 38 19 47 93 32 95 85 38 20 47 33 77 79 27 10 61 73 51 50 51 50 25 79 22 97 74 73 93 45 60 38
15 18 64 28 53 85 15 54 43 57 86 18 62 97 24 68 85 16 46 19 0 19 44 77 18 43 24 48 97 73 92 93 16 32 32 83 45 20 24 48 92 14 94 54 71 24 98 56 73 99 12 42 44 82 89 17 100 16 32 63 20 40 30 29 57 18 50 93 18 27 28 14 37 87 46 53 72 23 70 75 74 55 67 15 64 80 14 53 59 76 63 59 80 57 93 41 20 55 47 68 59
66 69 53 73 18 39 86 38 30 17 58 35 18 67 77 60 31 99 60 53 19 0 19 45 83 95 100 71 65 61 88 84 39 43 97 21 61 81 95 18 28 58 95 32 57 44 49 54 47 85 45 30 90 40 11 79 34 31 28 10 37 80 11 23 81 26 43 99 46 43 67 11 34 15 48 61 64 22 100 12 91 39 10 38 29 44 35 64 18 27 91 97 18 69 62 62 13 100 100 71 48
53 95 41 65 96 36 31 67 44 55 42 30 75 53 60 92 36 20 73 16 44 19 0 19 62 47 64 85 95 14 85 80 100 69 18 86 15 84 63 88 28 10 16 63 59 14 52 63 50 45 90 96 95 59 44 68 46 58 53 96 10 31 14 34 84 85 81 36 36 37 44 83 34 53 35 58 28 32 24 85 67 41 83 94 97 51 48 80 53 37 68 31 96 54 43 29 54 24 46 86 46
65 76 62 46 56 61 58 52 87 15 93 56 49 38 39 52 37 53 51 48 77 45 19 0 19 39 63 16 23 15 62 96 63 78 33 63 18 71 66 63 30 12 80 83 56 97 68 93 90 60 70 57 36 87 22 68 60 70 34 97 84 33 50 100 24 93 48 66 77 73 18 42 50 24 13 23 45 29 99 46 51 16 24 79 94 56 18 40 64 66 12 46 45 75 91 72 38 56 56 50 50
45 83 66 44 59 28 60 41 27 25 41 66 34 73 50 96 37 91 56 73 18 83 62 19 0 19 100 89 28 89 36 16 99 50 76 52 36 62 51 65 25 26 39 68 36 82 12 47 86 14 77 86 11 48 60 98 73 93 82 87 54 15 79 60 34 28 31 66 20 33 46 17 61 93 18 54 91 14 29 92 65 34 67 89 66 56 40 93 65 63 35 38 27 48 83 28 62 67 26 64 63
69 13 95 69 32 37 60 18 73 37 61 17 54 39 39 50 26 17 97 94 43 95 47 39 19 0 19 35 46 70 80 62 27 47 12 79 54 83 42 34 11 44 79 96 63 80 53 27 28 19 95 44 21 94 39 39 54 98 92 32 43 63 13 90 71 31 80 39 39 34 88 100 23 15 36 30 50 23 69 71 60 45 85 96 67 23 60 32 38 16 26 50 76 84 49 32 53 89 50 97 92
74 37 92 45 80 28 61 14 27 36 66 81 71 79 62 78 52 56 72 19 24 100 64 63 100 19 0 19 20 21 68 25 65 29 69 69 71 78 90 76 92 45 79 81 40 66 42 85 65 79 61 89 63 42 75 30 95 40 56 73 67 87 55 64 55 97 38 84 29 23 84 28 21 78 71 86 54 50 91 18 90 58 65 52 93 74 66 44 52 96 49 11 86 57 100 80 17 15 35 66 30
92 20 42 86 87 79 32 95 50 55 31 36 100 27 55 34 65 76 80 62 48 71 85 16 89 35 19 0 19 88 37 91 69 13 39 65 23 69 81 45 93 14 34 39 38 83 30 12 61 82 75 29 75 65 89 80 10 24 21 55 44 10 25 61 28 98 66 97 40 72 60 72 60 17 72 92 64 80 53 67 43 25 63 18 67 74 58 68 69 65 78 97 90 39 89 33 71 53 25 33 61
50 73 84 14 90 36 13 14 80 46 80 11 37 76 64 71 49 85 16 24 97 65 95 23 28 46 20 19 0 19 65 40 52 30 31 18 58 38 41 70 91 93 19 29 87 58 53 94 78 31 37 46 42 23 13 74 83 29 17 60 10 64 31 73 10 60 93 12 79 33 53 63 10 60 76 25 26 92 95 93 100 47 69 90 35 79 37 78 39 30 19 38 33 56 46 41 53 71 15 17 66
31 42 19 69 91 94 35 31 84 54 90 53 32 64 44 20 86 44 97 83 73 61 14 15 89 70 21 88 19 0 19 85 54 77 53 57 46 89 58 36 13 41 24 75 71 31 33 87 62 98 70 83 56 66 35 44 72 37 54 13 34 28 82 25 47 94 48 69 65 80 11 26 17 37 69 19 59 25 19 97 49 15 70 46 81 80 67 24 30 29 93 36 59 19 24 61 95 55 74 75 48
87 20 91 69 96 55 35 99 90 60 55 39 79 17 67 99 75 14 34 30 92 88 85 62 36 80 68 37 65 19 0 19 89 42 63 98 85 26 81 84 66 80 43 70 32 93 26 53 92 20 41 50 34 10 10 43 85 79 59 91 27 86 32 75 95 49 38 75 43 68 38 91 39 41 91 76 22 98 95 59 16 100 87 55 32 37 61 12 88 61 67 55 11 58 32 65 67 66 82 27 91
65 83 10 81 71 40 10 57 84 27 10 54 73 61 66 47 11 84 16 94 93 84 80 96 16 62 25 91 40 85 19 0 19 56 78 36 61 41 20 88 87 56 39 100 97 73 27 45 47 19 87 76 47 68 84 13 81 79 94 68 43 48 87 21 87 86 74 52 76 85 87 75 72 42 71 66 23 80 45 28 45 96 27 43 40 87 63 12 67 64 22 23 73 77 19 36 75 52 56 43 42
83 58 51 24 78 13 63 13 16 84 71 13 22 42 86 77 21 99 91 50 16 39 100 63 99 27 65 69 52 54 89 19 0 19 25 82 84 58 93 70 39 96 41 53 60 11 10 57 20 100 74 27 18 64 79 30 58 21 100 21 40 40 43 42 71 14 59 79 58 51 42 72 71 93 14 69 29 95 62 10 44 68 13 57 26 70 81 23 55 64 90 74 66 85 66 49 86 24 65 82 55
81 30 78 14 78 40 86 34 70 57 14 21 13 55 44 82 73 61 100 72 32 43 69 78 50 47 29 13 30 77 42 56 19 0 19 52 68 24 13 10 88 57 76 47 35 69 68 39 78 41 76 34 51 87 79 57 74 83 68 64 27 70 72 93 79 33 43 18 28 38 42 73 82 31 41 80 11 43 83 99 98 45 72 60 72 83 23 14 54 43 66 70 88 33 68 44 88 41 15 87 64
81 13 70 16 41 55 68 86 25 94 92 95 76 24 95 18 13 59 94 62 32 97 18 33 76 12 69 39 31 53 63 78 25 19 0 19 62 74 53 98 60 22 32 30 23 72 52 92 56 86 74 81 96 54 87 72 48 70 68 17 17 82 49 32 50 65 15 96 62 54 21 73 11 88 88 71 50 69 82 51 81 63 84 89 78 95 88 96 29 94 31 55 49 57 22 51 96 28 90 24 63
29 76 77 49 14 15 76 19 62 92 57 26 18 17 43 97 80 78 47 11 83 21 86 63 52 79 69 65 18 57 98 36 82 52 19 0 19 94 29 90 52 43 32 70 44 13 72 42 29 40 13 63 75 10 81 100 26 20 36 34 14 47 29 50 76 70 96 26 50 63 40 57 93 43 86 56 17 68 21 28 46 86 17 32 73 46 42 95 52 95 97 68 60 62 97 49 70 95 38 62 58
53 55 66 14 21 59 62 85 65 19 52 13 90 76 78 92 97 76 38 39 45 61 15 18 36 54 71 23 58 46 85 61 84 68 62 19 0 19 68 68 18 79 87 79 56 55 38 64 83 69 75 12 37 71 80 93 29 34 52 16 52 93 15 32 28 35 19 66 36 83 52 88 83 41 72 83 60 71 36 16 14 90 87 95 74 89 60 44 13 27 45 22 33 91 64 43 54 20 39 88 84
75 69 82 91 76 44 82 91 53 37 11 93 68 76 28 96 41 10 89 53 20 81 84 71 62 83 78 69 38 89 26 41 58 24 74 94 19 0 19 11 69 52 38 44 50 24 64 74 14 67 13 42 86 70 15 96 31 69 29 97 40 62 21 89 50 19 95 38 49 19 74 98 79 65 99 20 25 78 67 55 13 42 29 88 26 70 19 86 62 26 29 44 100 53 70 34 86 88 89 100 39
72 17 91 33 13 62 89 17 84 41 19 68 26 74 23 15 85 79 74 48 24 95 63 66 51 42 90 81 41 58 81 20 93 13 53 29 68 19 0 19 97 11 70 71 16 47 97 73 77 29 89 40 76 33 41 33 18 27 19 40 92 47 98 24 43 91 61 84 95 46 49 11 34 64 78 98 59 73 16 92 67 90 83 40 72 92 78 88 35 57 77 67 20 87 74 18 16 72 90 59 62
56 26 62 53 20 24 69 83 26 97 22 76 73 45 83 43 70 58 29 96 48 18 88 63 65 34 76 45 70 36 84 88 70 10 98 90 68 11 19 0 19 89 53 79 50 51 75 45 95 79 26 32 63 63 44 92 29 62 10 89 39 96 56 94 62 85 18 80 99 49 14 60 83 70 58 77 35 47 39 25 45 84 73 68 66 89 100 53 63 82 85 68 38 14 89 92 81 43 100 68 84
48 30 43 84 90 82 41 84 70 30 42 23 37 91 14 73 65 78 28 97 92 28 28 30 25 11 92 93 91 13 66 87 39 88 60 52 18 69 97 19 0 19 64 56 85 54 44 64 54 48 61 77 28 64 10 68 33 72 59 93 22 72 80 34 26 100 59 54 73 29 35 59 49 39 17 30 86 39 47 88 67 39 54 80 52 85 66 48 99 80 59 60 23 44 45 73 55 53 53 36 100
60 45 67 22 69 33 36 55 51 43 26 39 86 19 67 21 43 100 99 57 14 58 10 12 26 44 45 14 93 41 80 56 96 57 22 43 79 52 11 89 19 0 19 82 89 38 90 73 24 64 13 80 30 90 92 20 13 22 59 21 36 44 37 63 11 18 90 19 57 27 18 18 93 52 32 94 58 87 58 94 26 40 25 82 62 32 49 14 17 67 51 43 38 88 80 53 11 50 69 83 34
76 82 23 88 59 57 59 62 29 31 17 93 11 40 53 84 53 65 53 61 94 95 16 80 39 79 79 34 19 24 43 39 41 76 32 32 87 38 70 53 64 19 0 19 64 39 40 17 28 52 96 92 100 91 38 41 14 20 37 85 18 75 37 68 45 33 37 92 75 68 27 44 40 94 47 61 99 46 85 98 62 76 39 65 61 94 43 34 83 48 90 25 97 76 65 14 83 58 71 17 38
58 92 13 88 63 14 24 73 40 16 15 43 40 64 93 86 76 70 22 37 54 32 63 83 68 96 81 39 29 75 70 100 53 47 30 70 79 44 71 79 56 82 19 0 19 94 100 29 29 15 29 75 52 82 30 63 37 35 71 29 99 36 90 19 31 99 86 84 95 56 39 23 34 99 99 56 90 61 47 49 29 13 74 18 46 29 26 24 44 99 74 97 52 21 94 36 12 49 25 55 96
81 71 42 51 40 14 44 51 45 26 95 89 97 99 77 80 26 93 91 13 71 57 59 56 36 63 40 38 87 71 32 97 60 35 23 44 56 50 16 50 85 89 64 19 0 19 91 95 73 12 31 76 34 52 11 41 23 22 37 96 43 78 57 92 41 81 79 37 12 98 46 79 35 82 15 22 60 95 54 57 34 68 48 35 85 19 86 47 81 34 84 64 96 94 60 56 88 66 69 15 56
48 13 17 79 54 44 55 14 76 58 89 70 97 27 20 100 97 36 48 32 24 44 14 97 82 80 66 83 58 31 93 73 11 69 72 13 55 24 47 51 54 38 39 94 19 0 19 51 98 55 100 59 29 92 32 100 45 10 61 73 47 97 58 89 75 36 52 76 70 49 42 27 16 44 93 70 11 100 27 24 42 11 66 86 50 59 32 85 33 37 81 75 23 99 55 71 23 61 16 24 36
89 12 71 24 11 85 92 60 77 52 69 46 65 36 32 49 35 18 86 98 98 49 52 68 12 53 42 30 53 33 26 27 10 68 52 72 38 64 97 75 44 90 40 100 91 19 0 19 35 96 55 24 42 27 45 20 33 26 41 43 96 88 44 36 74 98 56 56 41 39 99 15 22 20 63 23 87 65 27 23 98 29 86 87 74 38 26 40 56 100 95 94 97 96 27 44 18 14 28 27 39
43 71 96 99 71 29 20 64 26 77 49 30 90 89 36 65 59 12 46 71 56 54 63 93 47 27 85 12 94 87 53 45 57 39 92 42 64 74 73 45 64 73 17 29 95 51 19 0 19 46 47 81 58 46 25 52 53 50 71 93 10 62 77 61 77 44 60 18 44 51 49 70 58 28 81 13 100 46 27 36 86 12 93 100 62 88 74 43 97 23 87 48 37 50 28 21 94 13 84 12 32
96 29 38 47 54 68 49 51 75 18 22 61 84 88 80 79 39 17 45 54 73 47 50 90 86 28 65 61 78 62 92 47 20 78 56 29 83 14 77 95 54 24 28 29 73 98 35 19 0 19 99 97 32 78 57 23 67 65 99 97 36 46 80 86 95 10 73 18 55 17 98 50 73 66 77 45 18 53 90 100 75 42 28 82 30 38 89 26 76 50 39 85 44 87 53 19 82 37 94 79 14
46 36 27 84 81 88 14 28 100 82 30 47 36 53 96 89 13 98 97 49 99 85 45 60 14 19 79 82 31 98 20 19 100 41 86 40 69 67 29 79 48 64 52 15 12 55 96 46 19 0 19 84 56 92 79 46 99 37 45 93 88 29 20 95 46 89 28 44 38 24 52 27 11 51 32 62 24 75 93 75 67 72 18 63 27 50 71 27 74 14 60 88 35 51 53 39 68 49 11 28 68
21 12 54 69 43 53 68 74 54 59 92 52 16 86 43 98 100 40 19 28 12 45 90 70 77 95 61 75 37 70 41 87 74 76 74 13 75 13 89 26 61 13 96 29 31 100 55 47 99 19 0 19 82 74 98 81 31 93 11 85 10 18 17 79 37 22 23 58 95 86 77 11 87 38 80 82 28 20 10 14 83 35 22 24 77 93 89 69 58 68 32 100 29 80 43 78 21 53 29 18 11
13 11 75 77 57 38 92 60 80 43 16 52 20 73 47 14 83 63 97 18 42 30 96 57 86 44 89 29 46 83 50 76 27 34 81 63 12 42 40 32 77 80 92 75 76 59 24 81 97 84 19 0 19 99 30 55 71 93 84 37 70 26 83 41 48 76 82 34 47 87 19 98 83 13 62 58 51 41 56 34 58 43 27 96 100 77 13 65 52 37 42 86 12 69 38 77 25 43 31 41 42
36 34 71 85 66 37 47 41 13 95 83 54 14 52 95 19 34 14 26 25 44 90 95 36 11 21 63 75 42 56 34 47 18 51 96 75 37 86 76 63 28 30 100 52 34 29 42 58 32 56 82 19 0 19 67 82 21 53 56 91 34 16 53 82 97 94 29 42 74 87 49 21 11 44 59 45 38 65 83 45 11 78 25 46 71 53 92 87 88 94 89 33 25 51 66 89 33 40 59 15 47
31 69 39 80 66 78 78 24 88 58 92 30 12 74 88 78 99 21 37 77 82 40 59 87 48 94 42 65 23 66 10 68 64 87 54 10 71 70 33 63 64 90 91 82 52 92 27 46 78 92 74 99 19 0 19 59 71 19 64 53 84 30 72 61 24 28 70 69 46 75 44 61 11 85 94 100 87 98 43 65 92 11 89 28 51 98 60 98 78 52 19 33 81 44 64 65 82 89 43 23 87
81 97 12 34 12 57 91 86 52 89 87 72 87 34 72 41 14 88 98 36 89 11 44 22 60 39 75 89 13 35 10 84 79 79 87 81 80 15 41 44 10 92 38 30 11 32 45 25 57 79 98 30 67 19 0 19 98 87 32 54 47 14 30 25 48 35 18 91 57 61 76 71 91 28 98 28 47 16 88 55 58 12 28 31 100 35 30 16 36 97 58 12 68 92 66 53 71 36 99 80 95
70 95 64 12 20 71 91 25 35 34 89 54 65 95 23 39 78 52 53 39 17 79 68 68 98 39 30 80 74 44 43 13 30 57 72 100 93 96 33 92 68 20 41 63 41 100 20 52 23 46 81 55 82 59 19 0 19 50 32 51 14 52 46 20 22 23 73 70 19 14 17 36 39 66 65 64 99 19 52 70 22 10 42 35 92 87 47 85 71 88 50 65 82 100 57 26 36 92 13 96 67
20 65 19 39 58 71 83 49 12 10 97 21 95 36 89 96 29 92 28 83 100 34 46 60 73 54 95 10 83 72 85 81 58 74 48 26 29 31 18 29 33 13 14 37 23 45 33 53 67 99 31 71 21 71 98 19 0 19 71 49 51 83 68 78 41 46 42 57 81 74 89 88 51 73 81 99 27 100 72 72 93 90 96 61 27 51 78 86 77 69 31 78 66 91 59 24 16 16 81 26 55
63 73 89 52 88 87 48 24 34 64 71 76 94 30 86 54 28 79 23 91 16 31 58 70 93 98 40 24 29 37 79 79 21 83 70 20 34 69 27 62 72 22 20 35 22 10 26 50 65 37 93 93 53 19 87 50 19 0 19 91 82 46 90 98 22 13 60 51 12 27 15 17 49 44 33 57 33 53 32 51 15 98 83 45 20 48 12 39 62 90 51 59 29 15 29 32 62 95 12 54 93
82 42 35 18 39 71 83 23 60 44 61 24 53 35 95 50 35 42 41 64 32 28 53 34 82 92 56 21 17 54 59 94 100 68 68 36 52 29 19 10 59 59 37 71 37 61 41 71 99 45 11 84 56 64 32 32 71 19 0 19 44 32 72 59 26 15 72 11 93 24 47 75 51 30 84 68 11 24 24 98 73 91 53 86 50 38 71 68 39 65 23 90 29 32 97 29 14 48 67 16 81
88 76 15 35 20 74 50 22 52 77 10 71 39 49 22 33 27 78 87 24 63 10 96 97 87 32 73 55 60 13 91 68 21 64 17 34 16 97 40 89 93 21 85 29 96 73 43 93 97 93 85 37 91 53 54 51 49 91 19 0 19 90 12 75 78 70 73 67 10 87 15 13 74 58 29 63 57 34 40 96 76 33 40 21 17 40 89 10 90 93 48 34 100 22 32 68 69 96 85 44 14
68 35 75 41 21 96 86 85 25 79 94 69 85 21 76 66 31 89 30 91 20 37 10 84 54 43 67 44 10 34 27 43 40 27 17 14 52 40 92 39 22 36 18 99 43 47 96 10 36 88 10 70 34 84 47 14 51 82 44 19 0 19 11 18 45 36 31 96 26 86 56 69 97 73 18 28 50 72 63 17 61 99 19 33 29 65 79 31 37 39 76 87 59 87 17 83 60 81 79 32 26
96 68 21 42 87 29 75 87 15 76 63 66 41 83 81 77 47 68 17 66 40 80 31 33 15 63 87 10 64 28 86 48 40 70 82 47 93 62 47 96 72 44 75 36 78 97 88 62 46 29 18 26 16 30 14 52 83 46 32 90 19 0 19 44 74 69 21 11 49 72 32 36 80 60 30 67 39 14 88 70 41 74 43 66 53 58 76 94 63 70 62 92 66 49 91 79 51 37 92 17 70
41 42 58 83 37 38 16 89 26 62 32 84 65 47 56 66 98 99 89 80 30 11 14 50 79 13 55 25 31 82 32 87 43 72 49 29 15 21 98 56 80 37 37 90 57 58 44 77 80 20 17 83 53 72 30 46 68 90 72 12 11 19 0 19 16 39 48 33 28 45 17 60 20 20 39 69 11 41 63 100 43 33 24 27 18 89 42 33 85 50 82 67 12 69 92 70 73 91 96 70 69
12 99 40 87 52 36 66 18 49 62 29 20 78 42 19 94 85 41 50 52 29 23 34 100 60 90 64 61 73 25 75 21 42 93 32 50 32 89 24 94 34 63 68 19 92 89 36 61 86 95 79 41 82 61 25 20 78 98 59 75 18 44 19 0 19 95 69 71 13 98 76 37 26 55 77 56 52 19 96 36 66 58 43 40 92 21 97 40 33 10 26 56 87 34 72 61 10 45 31 16 45
46 11 49 44 93 87 65 87 85 93 96 96 81 45 39 100 93 55 75 31 57 81 84 24 34 71 55 28 10 47 95 87 71 79 50 76 28 50 43 62 26 11 45 31 41 75 74 77 95 46 37 48 97 24 48 22 41 22 26 78 45 74 16 19 0 19 10 86 38 81 78 19 45 64 79 42 56 34 25 19 31 75 96 47 32 26 64 68 23 26 11 69 45 69 53 75 60 10 42 34 69
90 39 24 43 99 44 86 13 30 37 54 86 97 31 70 97 78 24 68 38 18 26 85 93 28 31 97 98 60 94 49 86 14 33 65 70 35 19 91 85 100 18 33 99 81 36 98 44 10 89 22 76 94 28 35 23 46 13 15 70 36 69 39 95 19 0 19 97 32 96 37 67 45 79 67 71 73 28 47 52 96 57 41 27 79 45 12 25 74 100 93 97 21 56 31 35 54 68 96 99 63
28 50 91 51 11 51 96 88 86 89 17 94 61 37 98 70 37 27 10 75 50 43 81 48 31 80 38 66 93 48 38 74 59 43 15 96 19 95 61 18 59 90 37 86 79 52 56 60 73 28 23 82 29 70 18 73 42 60 72 73 31 21 48 69 10 19 0 19 65 80 100 85 95 29 74 100 82 68 76 70 38 68 37 29 81 80 59 71 27 91 53 51 14 24 60 21 64 22 14 67 29
16 98 48 83 29 19 61 17 32 53 49 55 31 45 45 56 24 58 100 28 93 99 36 66 66 39 84 97 12 69 75 52 79 18 96 26 66 38 84 80 54 19 92 84 37 76 56 18 18 44 58 34 42 69 91 70 57 51 11 67 96 11 33 71 86 97 19 0 19 28 76 92 51 100 71 73 86 84 15 37 70 44 26 25 88 64 70 68 64 20 27 83 65 44 62 90 30 98 94 32 51
57 62 45 36 59 77 13 48 43 14 88 74 55 18 47 48 82 24 36 80 18 46 36 77 20 39 29 40 79 65 43 76 58 28 62 50 36 49 95 99 73 57 75 95 12 70 41 44 55 38 95 47 74 46 57 19 81 12 93 10 26 49 28 13 38 32 65 19 0 19 47 79 41 18 83 40 51 46 17 22 57 88 93 16 30 91 100 30 24 51 93 19 26 14 57 26 13 35 62 100 13
46 33 48 28 85 74 44 34 90 33 69 63 47 57 67 46 46 74 13 26 27 43 37 73 33 34 23 72 33 80 68 85 51 38 54 63 83 19 46 49 29 27 68 56 98 49 39 51 17 24 86 87 87 75 61 14 74 27 24 87 86 72 45 98 81 96 80 28 19 0 19 68 22 61 47 40 61 94 14 17 59 96 90 10 34 32 67 19 79 56 83 38 33 29 59 31 79 36 26 84 20
43 85 85 74 98 16 69 93 39 70 36 52 69 10 13 17 85 12 65 38 28 67 44 18 46 88 84 60 53 11 38 87 42 42 21 40 52 74 49 14 35 18 27 39 46 42 99 49 98 52 77 19 49 44 76 17 89 15 47 15 56 32 17 76 78 37 100 76 47 19 0 19 80 29 28 85 43 74 75 50 63 21 85 80 58 22 71 59 51 82 68 20 95 79 75 72 75 48 83 11 12
10 50 87 83 11 72 32 13 74 92 47 39 29 80 89 74 25 56 28 19 14 11 83 42 17 100 28 72 63 26 91 75 72 73 73 57 88 98 11 60 59 18 44 23 79 27 15 70 50 27 11 98 21 61 71 36 88 17 75 13 69 36 60 37 19 67 85 92 79 68 19 0 19 48 71 94 15 81 49 26 29 90 20 20 63 95 19 47 56 79 69 46 70 16 95 66 71 19 67 58 90
55 85 100 70 42 40 24 53 21 13 99 54 79 61 41 79 48 58 29 47 37 34 34 50 61 23 21 60 10 17 39 72 71 82 11 93 83 79 34 83 49 93 40 34 35 16 22 58 73 11 87 83 11 11 91 39 51 49 51 74 97 80 20 26 45 45 95 51 41 22 80 19 0 19 80 75 46 32 79 83 62 36 90 58 60 71 71 83 66 25 61 85 82 77 88 80 95 88 34 58 57
57 98 22 85 80 38 90 81 24 24 45 56 45 13 35 52 96 82 20 93 87 15 53 24 93 15 78 17 60 37 41 42 93 31 88 43 41 65 64 70 39 52 94 99 82 44 20 28 66 51 38 13 44 85 28 66 73 44 30 58 73 60 20 55 64 79 29 100 18 61 29 48 19 0 19 41 45 91 85 21 29 43 83 17 24 14 31 59 56 20 37 37 35 77 48 89 51 74 58 70 33
93 43 84 34 26 43 11 43 82 79 90 61 32 73 32 29 75 86 94 32 46 48 35 13 18 36 71 72 76 69 91 71 14 41 88 86 72 99 78 58 17 32 47 99 15 93 63 81 77 32 80 62 59 94 98 65 81 33 84 29 18 30 39 77 79 67 74 71 83 47 28 71 80 19 0 19 78 19 11 15 77 56 51 62 36 88 56 13 71 50 87 64 86 95 22 88 27 55 56 82 90
34 54 86 14 55 71 35 76 75 11 71 78 13 69 73 10 96 83 70 95 53 61 58 23 54 30 86 92 25 19 76 66 69 80 71 56 83 20 98 77 30 94 61 56 22 70 23 13 45 62 82 58 45 100 28 64 99 57 68 63 28 67 69 56 42 71 100 73 40 40 85 94 75 41 19 0 19 39 40 98 36 35 76 30 58 69 67 74 69 92 90 41 37 81 15 66 58 12 26 25 44
70 59 17 95 96 28 69 15 20 89 18 10 42 57 100 58 66 12 40 85 72 64 28 45 91 50 54 64 26 59 22 23 29 11 50 17 60 25 59 35 86 58 99 90 60 11 87 100 18 24 28 51 38 87 47 99 27 33 11 57 50 39 11 52 56 73 82 86 51 61 43 15 46 45 78 19 0 19 100 54 91 99 29 42 22 92 34 45 53 84 33 18 46 40 50 26 28 32 51 80 49
85 86 77 13 18 85 33 94 99 53 60 40 37 64 48 57 95 95 59 38 23 22 32 29 14 23 50 80 92 25 98 80 95 43 69 68 71 78 73 47 39 87 46 61 95 100 65 46 53 75 20 41 65 98 16 19 100 53 24 34 72 14 41 19 34 28 68 84 46 94 74 81 32 91 19 39 19 0 19 28 64 71 57 38 63 58 97 71 54 78 34 60 39 39 33 84 13 91 70 57 83
23 53 42 60 92 93 100 41 71 27 80 93 19 44 26 64 53 48 65 20 70 100 24 99 29 69 91 53 95 19 95 45 62 83 82 21 36 67 16 39 47 58 85 47 54 27 27 27 90 93 10 56 83 43 88 52 72 32 24 40 63 88 63 96 25 47 76 15 17 14 75 49 79 85 11 40 100 19 0 19 34 80 64 57 85 19 57 47 65 75 90 88 10 100 81 36 48 50 11 70 47
36 80 38 66 55 49 32 60 85 47 15 32 68 22 31 66 11 36 41 47 75 12 85 46 92 71 18 67 93 97 59 28 10 99 51 28 16 55 92 25 88 94 98 49 57 24 23 36 100 75 14 34 45 65 55 70 72 51 98 96 17 70 100 36 19 52 70 37 22 17 50 26 83 21 15 98 54 28 19 0 19 84 73 87 40 81 95 41 97 51 68 52 17 74 10 97 75 31 89 67 33
80 60 33 14 76 57 45 30 54 65 44 27 55 34 100 44 38 42 34 33 74 91 67 51 65 60 90 43 100 49 16 45 44 98 81 46 14 13 67 45 67 26 62 29 34 42 98 86 75 67 83 58 11 92 58 22 93 15 73 76 61 41 43 66 31 96 38 70 57 59 63 29 62 29 77 36 91 64 34 19 0 19 12 79 77 52 87 77 11 93 44 92 11 14 98 21 18 30 96 91 90
39 51 12 61 93 82 51 21 20 97 14 82 11 14 65 61 49 53 56 77 55 39 41 16 34 45 58 25 47 15 100 96 68 45 63 86 90 42 90 84 39 40 76 13 68 11 29 12 42 72 35 43 78 11 12 10 90 98 91 33 99 74 33 58 75 57 68 44 88 96 21 90 36 43 56 35 99 71 80 84 19 0 19 41 55 34 66 60 86 82 74 34 62 18 38 36 63 84 97 63 73
99 11 96 30 65 43 60 32 57 44 68 93 40 81 34 21 19 64 88 79 67 10 83 24 67 85 65 63 69 70 87 27 13 72 84 17 87 29 83 73 54 25 39 74 48 66 86 93 28 18 22 27 25 89 28 42 96 83 53 40 19 43 24 43 96 41 37 26 93 90 85 20 90 83 51 76 29 57 64 73 12 19 0 19 96 71 52 54 74 41 83 41 88 65 43 89 59 78 49 23 29
79 21 20 35 23 66 52 88 71 48 86 55 59 39 17 42 95 55 99 27 15 38 94 79 89 96 52 18 90 46 55 43 57 60 89 32 95 88 40 68 80 82 65 18 35 86 87 100 82 63 24 96 46 28 31 35 61 45 86 21 33 66 27 40 47 27 29 25 16 10 80 20 58 17 62 30 42 38 57 87 79 41 19 0 19 59 59 48 21 49 26 54 67 70 42 82 87 74 72 78 26
57 80 51 61 45 54 59 31 13 39 45 39 24 35 66 33 31 13 86 10 64 29 97 94 66 67 93 67 35 81 32 40 26 72 78 73 74 26 72 66 52 62 61 46 85 50 74 62 30 27 77 100 71 51 100 92 27 20 50 17 29 53 18 92 32 79 81 88 30 34 58 63 60 24 36 58 22 63 85 40 77 55 96 19 0 19 22 75 52 29 27 72 27 55 49 31 38 25 83 72 46
20 95 39 43 41 38 10 40 69 47 91 79 72 75 16 60 39 15 49 61 80 44 51 56 56 23 74 74 79 80 37 87 70 83 95 46 89 70 92 89 85 32 94 29 19 59 38 88 38 50 93 77 53 98 35 87 51 48 38 40 65 58 89 21 26 45 80 64 91 32 22 95 71 14 88 69 92 58 19 81 52 34 71 59 19 0 19 84 11 19 10 59 72 96 97 52 49 77 99 84 25
40 77 42 87 37 59 10 27 14 53 50 71 92 29 47 81 37 17 18 73 14 35 48 18 40 60 66 58 37 67 61 63 81 23 88 42 60 19 78 100 66 49 43 26 86 32 26 74 89 71 89 13 92 60 30 47 78 12 71 89 79 76 42 97 64 12 59 70 100 67 71 19 71 31 56 67 34 97 57 95 87 66 52 59 22 19 0 19 23 76 13 26 43 16 100 36 13 14 70 11 49
82 36 66 17 13 70 82 74 91 23 29 48 20 43 43 43 85 50 72 51 53 64 80 40 93 32 44 68 78 24 12 12 23 14 96 95 44 86 88 53 48 14 34 24 47 85 40 43 26 27 69 65 87 98 16 85 86 39 68 10 31 94 33 40 68 25 71 68 30 19 59 47 83 59 13 74 45 71 47 41 77 60 54 48 75 84 19 0 19 40 51 80 21 71 86 15 33 39 56 18 35
61 62 32 71 14 22 98 92 77 30 22 84 70 38 56 51 65 40 53 50 59 18 53 64 65 38 52 69 39 30 88 67 55 54 29 52 13 62 35 63 99 17 83 44 81 33 56 97 76 74 58 52 88 78 36 71 77 62 39 90 37 63 85 33 23 74 27 64 24 79 51 56 66 56 71 69 53 54 65 97 11 86 74 21 52 11 23 19 0 19 64 62 83 90 52 99 10 86 63 12 42
91 33 88 17 91 14 87 18 100 70 75 54 40 70 82 72 93 74 100 51 76 27 37 66 63 16 96 65 30 29 61 64 64 43 94 95 27 26 57 82 80 67 48 99 34 37 100 23 50 14 68 37 94 52 97 88 69 90 65 93 39 70 50 10 26 100 91 20 51 56 82 79 25 20 50 92 84 78 75 51 93 82 41 49 29 19 76 40 19 0 19 54 26 65 65 88 96 31 31 37 35
47 31 60 30 78 33 49 55 53 53 11 41 74 80 90 11 90 66 67 50 63 91 68 12 35 26 49 78 19 93 67 22 90 66 31 97 45 29 77 85 59 51 90 74 84 81 95 87 39 60 32 42 89 19 58 50 31 51 23 48 76 62 82 26 11 93 53 27 93 83 68 69 61 37 87 90 33 34 90 68 44 74 83 26 27 10 13 51 64 19 0 19 55 60 99 43 70 99 27 11 27
12 65 14 62 76 44 100 66 68 20 91 88 87 12 73 72 20 21 21 25 59 97 31 46 38 50 11 97 38 36 55 23 74 70 55 68 22 44 67 68 60 43 25 97 64 75 94 48 85 88 100 86 33 33 12 65 78 59 90 34 87 92 67 56 69 97 51 83 19 38 20 46 85 37 64 41 18 60 88 52 92 34 41 54 72 59 26 80 62 54 19 0 19 83 30 29 18 57 31 53 49
69 34 88 12 57 65 70 98 28 47 93 28 21 60 95 84 49 34 66 79 80 18 96 45 27 76 86 90 33 59 11 73 66 88 49 60 33 100 20 38 23 38 97 52 96 23 97 37 44 35 29 12 25 81 68 82 66 29 29 100 59 66 12 87 45 21 14 65 26 33 95 70 82 35 86 37 46 39 10 17 11 62 88 67 27 72 43 21 83 26 55 19 0 19 25 84 62 86 69 41 59
47 65 55 82 72 96 86 62 94 49 54 94 27 59 23 88 67 63 69 22 57 69 54 75 48 84 57 39 56 19 58 77 85 33 57 62 91 53 87 14 44 88 76 21 94 99 96 50 87 51 80 69 51 44 92 100 91 15 32 22 87 49 69 34 69 56 24 44 14 29 79 16 77 77 95 81 40 39 100 74 14 18 65 70 55 96 16 71 90 65 60 83 19 0 19 78 19 23 34 36 45
50 49 28 23 67 59 77 83 93 78 86 79 67 32 57 28 100 55 50 97 93 62 43 91 83 49 100 89 46 24 32 19 66 68 22 97 64 70 74 89 45 80 65 94 60 55 27 28 53 53 43 38 66 64 66 57 59 29 97 32 17 91 92 72 53 31 60 62 57 59 75 95 88 48 22 15 50 33 81 10 98 38 43 42 49 97 100 86 52 65 99 30 25 19 0 19 84 24 29 83 94
11 37 77 56 83 65 49 60 72 92 92 54 82 97 37 30 39 25 13 74 41 62 29 72 28 32 80 33 41 61 65 36 49 44 51 49 43 34 18 92 73 53 14 36 56 71 44 21 19 39 78 77 89 65 53 26 24 32 29 68 83 79 70 61 75 35 21 90 26 31 72 66 80 89 88 66 26 84 36 97 21 36 89 82 31 52 36 15 99 88 43 29 84 78 19 0 19 86 28 33 55
76 56 19 99 24 27 70 32 99 80 43 64 96 26 81 80 70 36 83 73 20 13 54 38 62 53 17 71 53 95 67 75 86 88 96 70 54 86 16 81 55 11 83 12 88 23 18 94 82 68 21 25 33 82 71 36 16 62 14 69 60 51 73 10 60 54 64 30 13 79 75 71 95 51 27 58 28 13 48 75 18 63 59 87 38 49 13 33 10 96 70 18 62 19 84 19 0 19 76 22 72
22 37 52 93 57 29 77 77 39 47 52 39 89 52 29 18 73 29 76 93 55 100 24 56 67 89 15 53 71 55 66 52 24 41 28 95 20 88 72 43 53 50 58 49 66 61 14 13 37 49 53 43 40 89 36 92 16 95 48 96 81 37 91 45 10 68 22 98 35 36 48 19 88 74 55 12 32 91 50 31 30 84 78 74 25 77 14 39 86 31 99 57 86 23 24 86 19 0 19 44 100
99 53 74 55 45 50 25 67 40 81 90 80 85 52 84 36 86 20 94 45 47 100 46 56 26 50 35 25 15 74 82 56 65 15 90 38 39 89 90 100 53 69 71 25 69 16 28 84 94 11 29 31 59 43 99 13 81 12 67 85 79 92 96 31 42 96 14 94 62 26 83 67 34 58 56 26 51 70 11 89 96 97 49 72 83 99 70 56 63 31 27 31 69 34 29 28 76 19 0 19 76
53 63 31 72 84 29 64 30 16 62 79 98 35 59 17 91 99 40 77 60 68 71 86 50 64 97 66 33 17 75 27 43 82 87 24 62 88 100 59 68 36 83 17 55 15 24 27 12 79 28 18 41 15 23 80 96 26 54 16 44 32 17 70 16 34 99 67 32 100 84 11 58 58 70 82 25 80 57 70 67 91 63 23 78 72 84 11 18 12 37 11 53 41 36 83 33 22 44 19 0 19
19 57 77 10 87 88 87 80 38 35 93 13 83 48 87 87 51 43 61 38 59 48 46 50 63 92 30 61 66 48 91 42 55 64 63 58 84 39 62 84 100 34 38 96 56 36 39 32 14 68 11 42 47 87 95 67 55 93 81 14 26 70 69 45 69 63 29 51 13 20 12 90 57 33 90 44 49 83 47 33 90 73 29 26 46 25 49 35 42 35 27 49 59 45 94 55 72 100 76 19 0
2000
0 -> 1
